8.790111541748047
6.9465556144714355
4.9484171867370605
3.146544933319092
2.984309673309326
2.6924870014190674
2.438903570175171
2.4683914184570312
2.2796781063079834
2.3399455547332764
2.254030704498291
2.2394611835479736
2.1217355728149414
2.235417366027832
2.201617956161499
2.0623743534088135
1.8642406463623047
1.9437958002090454
1.7597696781158447
1.7930552959442139
1.8219611644744873
1.7289667129516602
1.7219961881637573
1.5633130073547363
1.3466750383377075
1.5851434469223022
1.4641879796981812
1.4692851305007935
1.3817020654678345
1.3016992807388306
1.3964358568191528
1.319242000579834
1.277639627456665
1.276796817779541
1.0737895965576172
1.1799548864364624
1.190256118774414
1.1811752319335938
1.1261957883834839
1.1512651443481445
1.2097010612487793
1.0354230403900146
0.9634978175163269
1.0807642936706543
0.8104210495948792
0.8898601531982422
0.9102523922920227
0.8484411239624023
0.9753909111022949
0.8437873721122742
