0.21481481194496155
0.2320987582206726
0.2419753074645996
0.32098764181137085
0.3234567940235138
0.3382716178894043
0.3481481373310089
0.3629629611968994
0.375308632850647
0.385185182094574
0.39259257912635803
0.4098765552043915
0.45679011940956116
0.39259257912635803
0.39753085374832153
0.44691357016563416
0.5358024835586548
0.5086419582366943
0.5234568119049072
0.4987654387950897
0.5333333611488342
0.5555555820465088
0.5283950567245483
0.5901234745979309
0.6296296119689941
0.5333333611488342
0.595061719417572
0.614814817905426
0.624691367149353
0.6469135880470276
0.6370370388031006
0.6395061612129211
0.6617283821105957
0.6592592597007751
0.7111111283302307
0.6888889074325562
0.644444465637207
0.6691358089447021
0.6987654566764832
0.6962962746620178
0.6666666865348816
0.7283950448036194
0.7259259223937988
0.7111111283302307
0.7777777910232544
0.7580246925354004
0.7481481432914734
0.7679012417793274
0.7407407164573669
0.7555555701255798
